"cluster"	"arima"	"ets"	"lgb"	"lgb_i"	"lgb_ia"	"lgb_iar"	"naive"	"nn"	"regression"	"snaive"	"tbats"	"theta"	"xgboost"
3	0	0	0	0	0	0	0	0	0	0	0	0	0
6	0	0	0	0	0	0	0	0	0	0	0	0	0
2	0.582370971529383	0.839180667134469	0.507990436726807	0.608437800339349	0.529415441494764	1.32662121232586	1.41964984685737	0.917975558548779	0.959215969168198	0.888904279989071	0.754600912537127	0.997996432509952	0.959586557627267
9	0.89212618520954	0.879029518694544	0.803568405615871	0.783998128583738	0.732937900919035	0.89113879060224	0.933553877706784	0.952523900151843	0.927506297637223	0.9552902232556	0.875421663083488	0.879104428197858	0.91391811197437
4	1.00356209952145	1.00222398343562	0.8875792525126	0.900983023699982	0.852884065841954	0.982034197810562	1.06589281250595	1.08370543069167	1.00550480045493	1.04968477236774	1.01243348127322	1.01638564686297	0.992878140393723
1	0.983197881292036	0.952150339276732	1.02826139757497	0.966448440745508	0.881704026606656	0.923489245654713	1.18828069617496	1.07942349491631	1.00723776159278	1.18285590909788	0.998235499953235	0.948815189652249	1.00565881704983
5	1.38908567738787	1.40712785008196	1.19373310614946	1.15059286719317	1.09048737885129	1.38504979504735	1.44645035919019	1.49956658445473	1.4767904771154	1.43736024054935	1.49803578104981	1.35553920640422	1.4540153798637
7	1.35457353321767	1.3075635175761	1.37778994236007	1.33213359072717	1.25830087209015	1.26709727552283	1.45722965169634	1.53305868378327	1.41550000136063	1.55019877755761	1.38183928094143	1.30974297373751	1.40477926210633
10	4.12743606185008	4.01954864361659	3.52487319180811	3.43583278068289	3.26605716029114	3.65581396302364	3.83490304944112	3.67219686301216	4.631541536263	3.56533625745963	4.19906893654848	3.40198919069956	4.59571398248001
8	8.31168831168831	8.21272640795778	7.86621533804949	7.41057784658031	7.21840353120369	4.41253006451332	5.71428571428571	8.26752143476833	8.2359655350009	7.44588744588745	8.28409004060607	8.06460025509703	8.23636088020358
